./img/81.jpg,83,85,85
./img/92.jpg,135,135,128
./img/48.jpg,166,114,57
./img/52.jpg,84,101,101
./img/58.jpg,116,90,63
./img/93.jpg,103,117,123
./img/76.jpg,124,112,107
./img/55.jpg,87,81,62
./img/83.jpg,109,125,133
./img/16.jpg,118,108,100
./img/75.jpg,81,87,85
./img/41.jpg,101,98,76
./img/24.jpg,74,80,112
./img/86.jpg,64,105,141
./img/30.jpg,89,75,69
./img/87.jpg,106,88,78
./img/39.jpg,80,72,45
./img/61.jpg,93,150,188
./img/97.jpg,74,66,75
./img/38.jpg,84,91,117
./img/63.jpg,99,84,74
./img/17.jpg,180,150,167
./img/25.jpg,85,90,98
./img/9.jpg,145,129,106
./img/21.jpg,121,104,81
./img/72.jpg,81,84,98
./img/88.jpg,92,62,85
./img/85.jpg,179,166,164
./img/70.jpg,132,98,88
./img/42.jpg,72,75,74
./img/14.jpg,128,131,130
./img/13.jpg,48,35,41
./img/49.jpg,132,133,132
./img/34.jpg,84,93,102
./img/50.jpg,94,98,90
./img/28.jpg,32,62,88
./img/51.jpg,71,84,91
./img/32.jpg,63,56,69
./img/94.jpg,104,103,87
./img/3.jpg,88,131,172
./img/31.jpg,61,59,75
./img/4.jpg,88,143,188
./img/57.jpg,67,23,19
./img/1.jpg,95,103,144
./img/90.jpg,126,158,190
./img/89.jpg,118,134,139
./img/5.jpg,94,96,98
./img/7.jpg,138,139,138
./img/69.jpg,72,62,47
./img/96.jpg,104,98,105
./img/46.jpg,137,118,104
./img/6.jpg,92,131,153
./img/33.jpg,76,82,87
./img/27.jpg,182,186,171
./img/78.jpg,81,77,65
./img/8.jpg,81,86,99
./img/37.jpg,91,146,182
./img/11.jpg,129,74,81
./img/60.jpg,180,165,132
./img/84.jpg,114,68,56
./img/73.jpg,90,141,175
./img/2.jpg,113,113,113
./img/67.jpg,204,146,89
./img/99.jpg,126,127,115
./img/80.jpg,74,74,74
./img/15.jpg,63,84,51
./img/62.jpg,132,131,109
./img/54.jpg,148,139,129
./img/98.jpg,87,121,140
./img/47.jpg,95,113,130
./img/71.jpg,21,77,124
./img/45.jpg,101,118,137
./img/18.jpg,210,222,170
./img/22.jpg,84,140,81
./img/59.jpg,53,150,164
./img/53.jpg,65,56,62
./img/35.jpg,100,98,95
./img/79.jpg,75,83,111
./img/26.jpg,58,59,39
./img/95.jpg,138,137,129
./img/68.jpg,53,77,127
./img/43.jpg,85,33,15
./img/36.jpg,75,55,66
./img/29.jpg,100,88,80
./img/19.jpg,76,44,30
./img/91.jpg,120,82,137
./img/44.jpg,36,59,71
./img/65.jpg,106,102,99
./img/66.jpg,123,133,146
./img/20.jpg,157,158,155
./img/23.jpg,199,208,212
./img/10.jpg,155,158,165
./img/77.jpg,27,58,93
./img/40.jpg,119,132,151
./img/82.jpg,89,100,49
./img/64.jpg,97,96,86
./img/74.jpg,43,43,43
./img/12.jpg,16,66,131
./img/56.jpg,123,123,115
